ADD_TRIANGLE 2.71273 -2.39876 -2.49264 2.71273 -1.9543 -2.66544 -5.97527 -1.9543 -2.66544
ADD_TRIANGLE 2.71273 -1.9543 -2.66544 -5.97527 -1.9543 -2.66544 -5.97527 -2.39876 -2.49264
ADD_TRIANGLE -5.97527 -1.9543 -2.66544 -5.97527 -2.39876 -2.49264 -6.11351 -1.88554 -2.80368
ADD_TRIANGLE -5.97527 -2.39876 -2.49264 -6.11351 -1.88554 -2.80368 2.71273 -1.88554 -2.80368
ADD_TRIANGLE -6.11351 -1.88554 -2.80368 2.71273 -1.88554 -2.80368 -5.97527 -1.37231 -2.80368
ADD_TRIANGLE 2.71273 -1.88554 -2.80368 -5.97527 -1.37231 -2.80368 -5.97527 -1.81677 -2.7
ADD_TRIANGLE -5.97527 -1.37231 -2.80368 -5.97527 -1.81677 -2.7 2.71273 -1.81677 -2.7
ADD_TRIANGLE -5.97527 -1.81677 -2.7 2.71273 -1.81677 -2.7 2.71273 -1.37231 -2.80368
ADD_TRIANGLE 2.71273 -1.81677 -2.7 2.71273 -1.37231 -2.80368 4.76617 -2.25699 -2.3544
ADD_TRIANGLE 2.71273 -1.37231 -2.80368 4.76617 -2.25699 -2.3544 4.76617 -1.37231 -2.66544
ADD_TRIANGLE 4.76617 -2.25699 -2.3544 4.76617 -1.37231 -2.66544 4.76617 -1.76989 -2.56176
ADD_TRIANGLE 4.76617 -1.37231 -2.66544 4.76617 -1.76989 -2.56176 4.76617 -1.82744 -2.66544
ADD_TRIANGLE 4.76617 -1.76989 -2.56176 4.76617 -1.82744 -2.66544 4.76617 -1.885 -2.5272
ADD_TRIANGLE 4.76617 -1.82744 -2.66544 4.76617 -1.885 -2.5272 6.33577 -1.68894 -2.3544
ADD_TRIANGLE 4.76617 -1.885 -2.5272 6.33577 -1.68894 -2.3544 6.33577 -1.73217 -2.45808
ADD_TRIANGLE 6.33577 -1.68894 -2.3544 6.33577 -1.73217 -2.45808 6.33577 -1.7754 -2.31984
ADD_TRIANGLE 6.33577 -1.73217 -2.45808 6.33577 -1.7754 -2.31984 6.33577 -2.05483 -2.14704
ADD_TRIANGLE 6.33577 -1.7754 -2.31984 6.33577 -2.05483 -2.14704 6.33577 -1.37231 -2.45808
ADD_TRIANGLE 6.33577 -2.05483 -2.14704 6.33577 -1.37231 -2.45808 8.07817 -1.37231 -2.04336
ADD_TRIANGLE 6.33577 -1.37231 -2.45808 8.07817 -1.37231 -2.04336 7.64103 -1.60404 -1.93968
ADD_TRIANGLE 8.07817 -1.37231 -2.04336 7.64103 -1.60404 -1.93968 7.71163 -1.63989 -2.04336
ADD_TRIANGLE 7.64103 -1.60404 -1.93968 7.71163 -1.63989 -2.04336 7.50576 -1.67575 -1.90512
ADD_TRIANGLE 7.71163 -1.63989 -2.04336 7.50576 -1.67575 -1.90512 7.06861 -1.90748 -1.73232
ADD_TRIANGLE 7.50576 -1.67575 -1.90512 7.06861 -1.90748 -1.73232 7.06861 -1.90748 1.73232
ADD_TRIANGLE 7.06861 -1.90748 -1.73232 7.06861 -1.90748 1.73232 7.50576 -1.67575 1.90512
ADD_TRIANGLE 7.06861 -1.90748 1.73232 7.50576 -1.67575 1.90512 7.71163 -1.63989 2.04336
ADD_TRIANGLE 7.50576 -1.67575 1.90512 7.71163 -1.63989 2.04336 7.64103 -1.60404 1.93968
ADD_TRIANGLE 7.71163 -1.63989 2.04336 7.64103 -1.60404 1.93968 8.07817 -1.37231 2.04336
ADD_TRIANGLE 7.64103 -1.60404 1.93968 8.07817 -1.37231 2.04336 6.33577 -1.37231 2.45808
ADD_TRIANGLE 8.07817 -1.37231 2.04336 6.33577 -1.37231 2.45808 6.33577 -2.05483 2.14704
ADD_TRIANGLE 6.33577 -1.37231 2.45808 6.33577 -2.05483 2.14704 6.33577 -1.7754 2.31984
ADD_TRIANGLE 6.33577 -2.05483 2.14704 6.33577 -1.7754 2.31984 6.33577 -1.73217 2.45808
ADD_TRIANGLE 6.33577 -1.7754 2.31984 6.33577 -1.73217 2.45808 6.33577 -1.68894 2.3544
ADD_TRIANGLE 6.33577 -1.73217 2.45808 6.33577 -1.68894 2.3544 4.76617 -1.885 2.5272
ADD_TRIANGLE 6.33577 -1.68894 2.3544 4.76617 -1.885 2.5272 4.76617 -1.82744 2.66544
ADD_TRIANGLE 4.76617 -1.885 2.5272 4.76617 -1.82744 2.66544 4.76617 -1.76989 2.56176
ADD_TRIANGLE 4.76617 -1.82744 2.66544 4.76617 -1.76989 2.56176 4.76617 -1.37231 2.66544
ADD_TRIANGLE 4.76617 -1.76989 2.56176 4.76617 -1.37231 2.66544 4.76617 -2.25699 2.3544
ADD_TRIANGLE 4.76617 -1.37231 2.66544 4.76617 -2.25699 2.3544 2.71273 -1.37231 2.80368
ADD_TRIANGLE 4.76617 -2.25699 2.3544 2.71273 -1.37231 2.80368 2.71273 -1.81677 2.7
ADD_TRIANGLE 2.71273 -1.37231 2.80368 2.71273 -1.81677 2.7 -5.97527 -1.81677 2.7
ADD_TRIANGLE 2.71273 -1.81677 2.7 -5.97527 -1.81677 2.7 -5.97527 -1.37231 2.80368
ADD_TRIANGLE -5.97527 -1.81677 2.7 -5.97527 -1.37231 2.80368 2.71273 -1.88554 2.80368
ADD_TRIANGLE -5.97527 -1.37231 2.80368 2.71273 -1.88554 2.80368 -6.11351 -1.88554 2.80368
ADD_TRIANGLE 2.71273 -1.88554 2.80368 -6.11351 -1.88554 2.80368 -5.97527 -2.39876 2.49264
ADD_TRIANGLE -6.11351 -1.88554 2.80368 -5.97527 -2.39876 2.49264 -5.97527 -1.9543 2.66544
ADD_TRIANGLE -5.97527 -2.39876 2.49264 -5.97527 -1.9543 2.66544 2.71273 -1.9543 2.66544
ADD_TRIANGLE -5.97527 -1.9543 2.66544 2.71273 -1.9543 2.66544 2.71273 -2.39876 2.49264
ADD_TRIANGLE 2.71273 -1.9543 2.66544 2.71273 -2.39876 2.49264 8.11417 -1.37231 -2.0718
ADD_TRIANGLE 2.71273 -2.39876 2.49264 8.11417 -1.37231 -2.0718 8.11417 -1.37231 2.0718
ADD_TRIANGLE 8.11417 -1.37231 -2.0718 8.11417 -1.37231 2.0718 6.34231 -1.37231 2.49353
ADD_TRIANGLE 8.11417 -1.37231 2.0718 6.34231 -1.37231 2.49353 4.76974 -1.37231 2.70128
ADD_TRIANGLE 6.34231 -1.37231 2.49353 4.76974 -1.37231 2.70128 2.71394 -1.37231 2.83968
ADD_TRIANGLE 4.76974 -1.37231 2.70128 2.71394 -1.37231 2.83968 -6.01128 -1.37231 2.83968
ADD_TRIANGLE 2.71394 -1.37231 2.83968 -6.01128 -1.37231 2.83968 -6.01128 -1.37231 -2.83968
ADD_TRIANGLE -6.01128 -1.37231 2.83968 -6.01128 -1.37231 -2.83968 2.71394 -1.37231 -2.83968
ADD_TRIANGLE -6.01128 -1.37231 -2.83968 2.71394 -1.37231 -2.83968 4.76974 -1.37231 -2.70128
ADD_TRIANGLE 2.71394 -1.37231 -2.83968 4.76974 -1.37231 -2.70128 6.34231 -1.37231 -2.49353
ADD_TRIANGLE 4.76974 -1.37231 -2.70128 6.34231 -1.37231 -2.49353 2.71394 -1.32367 -2.83968
ADD_TRIANGLE 6.34231 -1.37231 -2.49353 2.71394 -1.32367 -2.83968 4.76974 -1.32367 -2.70128
ADD_TRIANGLE 2.71394 -1.32367 -2.83968 4.76974 -1.32367 -2.70128 6.34231 -1.32367 -2.49353
ADD_TRIANGLE 4.76974 -1.32367 -2.70128 6.34231 -1.32367 -2.49353 8.11417 -1.32367 -2.0718
ADD_TRIANGLE 6.34231 -1.32367 -2.49353 8.11417 -1.32367 -2.0718 8.11417 -1.32367 2.0718
ADD_TRIANGLE 8.11417 -1.32367 -2.0718 8.11417 -1.32367 2.0718 6.34231 -1.32367 2.49353
ADD_TRIANGLE 8.11417 -1.32367 2.0718 6.34231 -1.32367 2.49353 4.76974 -1.32367 2.70128
ADD_TRIANGLE 6.34231 -1.32367 2.49353 4.76974 -1.32367 2.70128 2.71394 -1.32367 2.83968
ADD_TRIANGLE 4.76974 -1.32367 2.70128 2.71394 -1.32367 2.83968 -6.01128 -1.32367 2.83968
ADD_TRIANGLE 2.71394 -1.32367 2.83968 -6.01128 -1.32367 2.83968 -6.01128 -1.32367 -2.83968
ADD_TRIANGLE -6.01128 -1.32367 2.83968 -6.01128 -1.32367 -2.83968 2.70789 -1.32367 2.65968
ADD_TRIANGLE -6.01128 -1.32367 -2.83968 2.70789 -1.32367 2.65968 -5.83127 -1.32367 2.65968
ADD_TRIANGLE 2.70789 -1.32367 2.65968 -5.83127 -1.32367 2.65968 -5.83127 -1.32367 -2.65968
ADD_TRIANGLE -5.83127 -1.32367 2.65968 -5.83127 -1.32367 -2.65968 2.70789 -1.32367 -2.65968
ADD_TRIANGLE -5.83127 -1.32367 -2.65968 2.70789 -1.32367 -2.65968 4.75189 -1.32367 -2.52208
ADD_TRIANGLE 2.70789 -1.32367 -2.65968 4.75189 -1.32367 -2.52208 6.3096 -1.32367 -2.31629
ADD_TRIANGLE 4.75189 -1.32367 -2.52208 6.3096 -1.32367 -2.31629 7.93417 -1.32367 -1.92961
ADD_TRIANGLE 6.3096 -1.32367 -2.31629 7.93417 -1.32367 -1.92961 7.93417 -1.32367 1.92961
ADD_TRIANGLE 7.93417 -1.32367 -1.92961 7.93417 -1.32367 1.92961 6.3096 -1.32367 2.31629
ADD_TRIANGLE 7.93417 -1.32367 1.92961 6.3096 -1.32367 2.31629 4.75189 -1.32367 2.52208
ADD_TRIANGLE 6.3096 -1.32367 2.31629 4.75189 -1.32367 2.52208 4.75189 -1.43604 -2.52208
ADD_TRIANGLE 4.75189 -1.32367 2.52208 4.75189 -1.43604 -2.52208 6.3096 -1.43604 -2.31629
ADD_TRIANGLE 4.75189 -1.43604 -2.52208 6.3096 -1.43604 -2.31629 6.3096 -1.43604 2.31629
ADD_TRIANGLE 6.3096 -1.43604 -2.31629 6.3096 -1.43604 2.31629 4.75189 -1.43604 2.52208
ADD_TRIANGLE 6.3096 -1.43604 2.31629 4.75189 -1.43604 2.52208 2.70789 -1.43604 2.65968
ADD_TRIANGLE 4.75189 -1.43604 2.52208 2.70789 -1.43604 2.65968 -5.83127 -1.43604 2.65968
ADD_TRIANGLE 2.70789 -1.43604 2.65968 -5.83127 -1.43604 2.65968 -5.83127 -1.43604 -2.65968
ADD_TRIANGLE -5.83127 -1.43604 2.65968 -5.83127 -1.43604 -2.65968 2.70789 -1.43604 -2.65968
ADD_TRIANGLE -5.83127 -1.43604 -2.65968 2.70789 -1.43604 -2.65968 -5.83127 -2.31323 -2.41104
ADD_TRIANGLE 2.70789 -1.43604 -2.65968 -5.83127 -2.31323 -2.41104 2.70789 -2.31323 -2.41104
ADD_TRIANGLE -5.83127 -2.31323 -2.41104 2.70789 -2.31323 -2.41104 2.70789 -2.31323 2.41104
ADD_TRIANGLE 2.70789 -2.31323 -2.41104 2.70789 -2.31323 2.41104 -5.83127 -2.31323 2.41104
ADD_TRIANGLE 2.70789 -2.31323 2.41104 -5.83127 -2.31323 2.41104 -5.83127 -2.31323 -2.39504
ADD_TRIANGLE -5.83127 -2.31323 2.41104 -5.83127 -2.31323 -2.39504 -5.81527 -2.31323 -2.39504
ADD_TRIANGLE -5.83127 -2.31323 -2.39504 -5.81527 -2.31323 -2.39504 -5.81527 -2.31323 -2.41104
ADD_TRIANGLE -5.81527 -2.31323 -2.39504 -5.81527 -2.31323 -2.41104 -5.81527 -2.29783 -2.4154
ADD_TRIANGLE -5.81527 -2.31323 -2.41104 -5.81527 -2.29783 -2.4154 -5.83127 -2.29783 -2.4154
ADD_TRIANGLE -5.81527 -2.29783 -2.4154 -5.83127 -2.29783 -2.4154 -5.83127 -2.29723 -2.39894
ADD_TRIANGLE -5.83127 -2.29783 -2.4154 -5.83127 -2.29723 -2.39894 -5.83127 -2.31323 2.39504
ADD_TRIANGLE -5.83127 -2.29723 -2.39894 -5.83127 -2.31323 2.39504 -5.83127 -2.29723 2.39894
ADD_TRIANGLE -5.83127 -2.31323 2.39504 -5.83127 -2.29723 2.39894 -5.83127 -2.29783 2.4154
ADD_TRIANGLE -5.83127 -2.29723 2.39894 -5.83127 -2.29783 2.4154 -5.81527 -2.29783 2.4154
NEIGHBORS_OF_TRIANGLE 6.3096 -1.32367 2.31629 4.75189 -1.32367 2.52208 4.75189 -1.43604 -2.52208
NEIGHBORS_OF_TRIANGLE -5.83127 -2.31323 2.41104 -5.83127 -2.31323 -2.39504 -5.81527 -2.31323 -2.39504
NEIGHBORS_OF_TRIANGLE 7.71163 -1.63989 -2.04336 7.50576 -1.67575 -1.90512 7.06861 -1.90748 -1.73232
NEIGHBORS_OF_TRIANGLE 2.71394 -1.32367 -2.83968 4.76974 -1.32367 -2.70128 6.34231 -1.32367 -2.49353
NEIGHBORS_OF_TRIANGLE 2.71273 -1.9543 2.66544 2.71273 -2.39876 2.49264 8.11417 -1.37231 -2.0718
NEIGHBORS_OF_TRIANGLE 6.34231 -1.32367 2.49353 4.76974 -1.32367 2.70128 2.71394 -1.32367 2.83968
NEIGHBORS_OF_TRIANGLE -5.83127 -1.43604 -2.65968 2.70789 -1.43604 -2.65968 -5.83127 -2.31323 -2.41104
NEIGHBORS_OF_TRIANGLE 2.70789 -1.43604 -2.65968 -5.83127 -2.31323 -2.41104 2.70789 -2.31323 -2.41104
NEIGHBORS_OF_TRIANGLE 6.34231 -1.37231 -2.49353 2.71394 -1.32367 -2.83968 4.76974 -1.32367 -2.70128
NEIGHBORS_OF_TRIANGLE 7.50576 -1.67575 1.90512 7.71163 -1.63989 2.04336 7.64103 -1.60404 1.93968
EDGE_NEIGHBOR_TRIANGLE 7.93417 -1.32367 1.92961 6.3096 -1.32367 2.31629 4.75189 -1.32367 2.52208
EDGE_NEIGHBOR_TRIANGLE -5.97527 -1.9543 2.66544 2.71273 -1.9543 2.66544 2.71273 -2.39876 2.49264
EDGE_NEIGHBOR_TRIANGLE 8.07817 -1.37231 -2.04336 7.64103 -1.60404 -1.93968 7.71163 -1.63989 -2.04336
EDGE_NEIGHBOR_TRIANGLE 8.07817 -1.37231 2.04336 6.33577 -1.37231 2.45808 6.33577 -2.05483 2.14704
EDGE_NEIGHBOR_TRIANGLE 4.76974 -1.37231 -2.70128 6.34231 -1.37231 -2.49353 2.71394 -1.32367 -2.83968
EDGE_NEIGHBOR_TRIANGLE -5.83127 -1.43604 -2.65968 2.70789 -1.43604 -2.65968 -5.83127 -2.31323 -2.41104
EDGE_NEIGHBOR_TRIANGLE -6.11351 -1.88554 2.80368 -5.97527 -2.39876 2.49264 -5.97527 -1.9543 2.66544
EDGE_NEIGHBOR_TRIANGLE 4.76617 -1.82744 2.66544 4.76617 -1.76989 2.56176 4.76617 -1.37231 2.66544
EDGE_NEIGHBOR_TRIANGLE 6.34231 -1.32367 -2.49353 8.11417 -1.32367 -2.0718 8.11417 -1.32367 2.0718
EDGE_NEIGHBOR_TRIANGLE 4.76974 -1.32367 2.70128 2.71394 -1.32367 2.83968 -6.01128 -1.32367 2.83968
VERTEX_NEIGHBOR_TRIANGLE -5.83127 -1.43604 -2.65968 2.70789 -1.43604 -2.65968 -5.83127 -2.31323 -2.41104
VERTEX_NEIGHBOR_TRIANGLE 4.76974 -1.37231 2.70128 2.71394 -1.37231 2.83968 -6.01128 -1.37231 2.83968
VERTEX_NEIGHBOR_TRIANGLE 7.71163 -1.63989 2.04336 7.64103 -1.60404 1.93968 8.07817 -1.37231 2.04336
VERTEX_NEIGHBOR_TRIANGLE -6.01128 -1.32367 -2.83968 2.70789 -1.32367 2.65968 -5.83127 -1.32367 2.65968
VERTEX_NEIGHBOR_TRIANGLE -5.97527 -1.81677 -2.7 2.71273 -1.81677 -2.7 2.71273 -1.37231 -2.80368
VERTEX_NEIGHBOR_TRIANGLE 8.11417 -1.37231 -2.0718 8.11417 -1.37231 2.0718 6.34231 -1.37231 2.49353
VERTEX_NEIGHBOR_TRIANGLE 6.3096 -1.43604 2.31629 4.75189 -1.43604 2.52208 2.70789 -1.43604 2.65968
VERTEX_NEIGHBOR_TRIANGLE 4.75189 -1.43604 2.52208 2.70789 -1.43604 2.65968 -5.83127 -1.43604 2.65968
VERTEX_NEIGHBOR_TRIANGLE 6.34231 -1.32367 -2.49353 8.11417 -1.32367 -2.0718 8.11417 -1.32367 2.0718
VERTEX_NEIGHBOR_TRIANGLE 8.07817 -1.37231 -2.04336 7.64103 -1.60404 -1.93968 7.71163 -1.63989 -2.04336
EXTENDED_NEIGHBOR_TRIANGLE 2.71273 -1.88554 2.80368 -6.11351 -1.88554 2.80368 -5.97527 -2.39876 2.49264
EXTENDED_NEIGHBOR_TRIANGLE -5.97527 -1.81677 2.7 -5.97527 -1.37231 2.80368 2.71273 -1.88554 2.80368
EXTENDED_NEIGHBOR_TRIANGLE 6.33577 -1.7754 -2.31984 6.33577 -2.05483 -2.14704 6.33577 -1.37231 -2.45808
EXTENDED_NEIGHBOR_TRIANGLE 8.11417 -1.32367 -2.0718 8.11417 -1.32367 2.0718 6.34231 -1.32367 2.49353
EXTENDED_NEIGHBOR_TRIANGLE -6.11351 -1.88554 -2.80368 2.71273 -1.88554 -2.80368 -5.97527 -1.37231 -2.80368
EXTENDED_NEIGHBOR_TRIANGLE 6.34231 -1.32367 -2.49353 8.11417 -1.32367 -2.0718 8.11417 -1.32367 2.0718
EXTENDED_NEIGHBOR_TRIANGLE 6.33577 -1.73217 2.45808 6.33577 -1.68894 2.3544 4.76617 -1.885 2.5272
EXTENDED_NEIGHBOR_TRIANGLE -5.83127 -2.31323 2.41104 -5.83127 -2.31323 -2.39504 -5.81527 -2.31323 -2.39504
EXTENDED_NEIGHBOR_TRIANGLE 8.11417 -1.37231 2.0718 6.34231 -1.37231 2.49353 4.76974 -1.37231 2.70128
EXTENDED_NEIGHBOR_TRIANGLE -5.83127 -2.31323 -2.39504 -5.81527 -2.31323 -2.39504 -5.81527 -2.31323 -2.41104
INCIDENT_TRIANGLES 6.33577 -1.37231 -2.45808
INCIDENT_TRIANGLES 6.33577 -1.73217 2.45808
INCIDENT_TRIANGLES 2.71273 -1.81677 2.7
INCIDENT_TRIANGLES 4.76617 -2.25699 2.3544
INCIDENT_TRIANGLES 6.34231 -1.37231 -2.49353
INCIDENT_TRIANGLES -5.97527 -1.9543 -2.66544
INCIDENT_TRIANGLES 7.64103 -1.60404 1.93968
INCIDENT_TRIANGLES 2.71273 -1.37231 -2.80368
INCIDENT_TRIANGLES 4.76617 -1.885 2.5272
INCIDENT_TRIANGLES 2.70789 -2.31323 2.41104
NEIGHBORS_OF_POINT 2.70789 -1.32367 -2.65968
NEIGHBORS_OF_POINT 7.50576 -1.67575 1.90512
NEIGHBORS_OF_POINT -5.97527 -2.39876 2.49264
NEIGHBORS_OF_POINT 2.71273 -1.88554 -2.80368
NEIGHBORS_OF_POINT 2.71273 -1.9543 -2.66544
NEIGHBORS_OF_POINT 4.76974 -1.37231 2.70128
NEIGHBORS_OF_POINT 6.34231 -1.37231 2.49353
NEIGHBORS_OF_POINT 4.75189 -1.43604 -2.52208
NEIGHBORS_OF_POINT 2.71273 -1.81677 2.7
NEIGHBORS_OF_POINT 6.33577 -1.73217 -2.45808
EDGE_NEIGHBORS_OF_POINT 2.71273 -1.88554 -2.80368
EDGE_NEIGHBORS_OF_POINT -5.83127 -1.43604 2.65968
EDGE_NEIGHBORS_OF_POINT 6.34231 -1.37231 -2.49353
EDGE_NEIGHBORS_OF_POINT 7.71163 -1.63989 -2.04336
EDGE_NEIGHBORS_OF_POINT 8.11417 -1.37231 2.0718
EDGE_NEIGHBORS_OF_POINT 2.71394 -1.32367 -2.83968
EDGE_NEIGHBORS_OF_POINT 6.3096 -1.43604 -2.31629
EDGE_NEIGHBORS_OF_POINT 2.70789 -1.43604 2.65968
EDGE_NEIGHBORS_OF_POINT 4.76974 -1.37231 2.70128
EDGE_NEIGHBORS_OF_POINT 4.76617 -1.76989 2.56176
FACE_NEIGHBORS_OF_POINT 4.75189 -1.32367 2.52208
FACE_NEIGHBORS_OF_POINT 2.70789 -1.32367 2.65968
FACE_NEIGHBORS_OF_POINT 2.71394 -1.32367 2.83968
FACE_NEIGHBORS_OF_POINT 7.06861 -1.90748 1.73232
FACE_NEIGHBORS_OF_POINT 4.76617 -1.885 -2.5272
FACE_NEIGHBORS_OF_POINT 6.33577 -1.7754 2.31984
FACE_NEIGHBORS_OF_POINT 7.06861 -1.90748 -1.73232
FACE_NEIGHBORS_OF_POINT 4.76617 -2.25699 2.3544
FACE_NEIGHBORS_OF_POINT 4.76617 -1.37231 2.66544
FACE_NEIGHBORS_OF_POINT 2.71394 -1.32367 -2.83968
IS_CONNECTED 6.33577 -1.7754 2.31984 6.33577 -1.73217 2.45808 6.33577 -1.68894 2.3544 4.76617 -1.82744 -2.66544 4.76617 -1.885 -2.5272 6.33577 -1.68894 -2.3544
IS_CONNECTED -5.83127 -1.43604 -2.65968 2.70789 -1.43604 -2.65968 -5.83127 -2.31323 -2.41104 6.3096 -1.32367 2.31629 4.75189 -1.32367 2.52208 4.75189 -1.43604 -2.52208
IS_CONNECTED 6.33577 -2.05483 -2.14704 6.33577 -1.37231 -2.45808 8.07817 -1.37231 -2.04336 2.70789 -1.43604 2.65968 -5.83127 -1.43604 2.65968 -5.83127 -1.43604 -2.65968
IS_CONNECTED 6.33577 -1.73217 2.45808 6.33577 -1.68894 2.3544 4.76617 -1.885 2.5272 -5.83127 -1.32367 2.65968 -5.83127 -1.32367 -2.65968 2.70789 -1.32367 -2.65968
IS_CONNECTED -6.01128 -1.32367 -2.83968 2.70789 -1.32367 2.65968 -5.83127 -1.32367 2.65968 4.75189 -1.32367 -2.52208 6.3096 -1.32367 -2.31629 7.93417 -1.32367 -1.92961
IS_CONNECTED 2.70789 -1.43604 -2.65968 -5.83127 -2.31323 -2.41104 2.70789 -2.31323 -2.41104 6.3096 -1.32367 -2.31629 7.93417 -1.32367 -1.92961 7.93417 -1.32367 1.92961
IS_CONNECTED 4.76974 -1.32367 -2.70128 6.34231 -1.32367 -2.49353 8.11417 -1.32367 -2.0718 2.71273 -1.9543 2.66544 2.71273 -2.39876 2.49264 8.11417 -1.37231 -2.0718
IS_CONNECTED -5.81527 -2.31323 -2.41104 -5.81527 -2.29783 -2.4154 -5.83127 -2.29783 -2.4154 6.33577 -1.7754 -2.31984 6.33577 -2.05483 -2.14704 6.33577 -1.37231 -2.45808
IS_CONNECTED 4.76617 -1.37231 -2.66544 4.76617 -1.76989 -2.56176 4.76617 -1.82744 -2.66544 6.3096 -1.43604 -2.31629 6.3096 -1.43604 2.31629 4.75189 -1.43604 2.52208
IS_CONNECTED -6.11351 -1.88554 -2.80368 2.71273 -1.88554 -2.80368 -5.97527 -1.37231 -2.80368 8.11417 -1.32367 2.0718 6.34231 -1.32367 2.49353 4.76974 -1.32367 2.70128
TRIANGLE_NEIGHBOR_OF_EDGE 8.07817 -1.37231 -2.04336 7.64103 -1.60404 -1.93968
TRIANGLE_NEIGHBOR_OF_EDGE 4.75189 -1.43604 -2.52208 6.3096 -1.43604 -2.31629
TRIANGLE_NEIGHBOR_OF_EDGE 4.76617 -2.25699 2.3544 2.71273 -1.37231 2.80368
TRIANGLE_NEIGHBOR_OF_EDGE -5.83127 -2.31323 -2.41104 2.70789 -2.31323 -2.41104
TRIANGLE_NEIGHBOR_OF_EDGE -5.97527 -1.81677 -2.7 2.71273 -1.81677 -2.7
TRIANGLE_NEIGHBOR_OF_EDGE 8.11417 -1.37231 2.0718 6.34231 -1.37231 2.49353
TRIANGLE_NEIGHBOR_OF_EDGE 7.71163 -1.63989 -2.04336 7.50576 -1.67575 -1.90512
TRIANGLE_NEIGHBOR_OF_EDGE 6.33577 -1.7754 2.31984 6.33577 -1.73217 2.45808
TRIANGLE_NEIGHBOR_OF_EDGE 2.70789 -1.43604 -2.65968 -5.83127 -2.31323 -2.41104
TRIANGLE_NEIGHBOR_OF_EDGE 2.71394 -1.37231 -2.83968 4.76974 -1.37231 -2.70128
CENTROID_OF_COMPONENT -5.83127 -2.31323 -2.39504
CENTROID_OF_COMPONENT 7.64103 -1.60404 -1.93968
CENTROID_OF_COMPONENT -5.83127 -1.32367 2.65968
CENTROID_OF_COMPONENT 4.75189 -1.43604 -2.52208
CENTROID_OF_COMPONENT 2.71273 -1.9543 -2.66544
CENTROID_OF_COMPONENT -5.83127 -1.43604 -2.65968
CENTROID_OF_COMPONENT 2.70789 -1.32367 2.65968
CENTROID_OF_COMPONENT 6.33577 -1.68894 2.3544
CENTROID_OF_COMPONENT 6.34231 -1.37231 -2.49353
CENTROID_OF_COMPONENT 2.71273 -1.88554 2.80368
TYPE_MESH
COUNT_CONNECTED_COMPONENTS
CENTROID
CLOSEST_COMPONENTS
MAXIMUM_DIAMETER
BOUNDARY_EDGES
